vehicle_ID	location	distance	speed
1	sx7chk	89.75664429	78
2	sx7chm	89.65909619	78
3	sx7chx	88.56278951	73
4	sx7ck9	88.39471496	62
5	sx7ckc	87.47986961	75
6	sx7ckf	87.40132487	82
7	sx7cm5	86.41083495	69
8	sx7cmm	85.35620236	82
9	sx7cmq	85.29339166	76
10	sx7cmw	84.3755372	83
11	sx7cmx	84.31650728	82
12	sx7cmz	83.3981698	75
13	sx7ctz	83.0819672	90
14	sx7cu3	88.57620824	87
15	sx7cu9	87.65479587	95
16	sx7cv0	85.82658017	70
17	sx7cv1	85.81197598	72
18	sx7cv2	84.9052538	82
19	sx7cw0	82.42421493	57
20	sx7cw9	80.53462384	89
21	sx7cwf	79.56744716	87
22	sx7cwn	82.18483106	96
23	sx7cwp	82.16079415	91
24	sx7cwq	81.26386202	85
25	sx7cwv	79.45130485	86
26	sx7cww	80.34290762	92
27	sx7cx4	78.64791802	84
28	sx7cxk	77.64469537	89
29	sx7cxs	76.72442516	74
30	sx7cxu	75.80418939	73
31	sx7fkq	89.24676688	94
32	sx7fkw	88.33396511	90
33	sx7fky	87.42132851	93
34	sx7fme	84.46321882	83
35	sx7fmk	85.4464909	90
36	sx7fmm	85.51937852	87
37	sx7fmn	86.50886231	90
38	sx7fms	84.53260862	88
39	sx7fpy	75.92224389	91
40	sx7fpz	75.97556078	97
41	sx7fqk	81.7918871	85
42	sx7fqs	80.87863917	88
43	sx7fqu	79.96556351	63
44	sx7fqv	80.0439173	83
45	sx7fqx	81.12442663	90
46	sx7fqy	80.12686062	95
47	sx7fqz	80.21437921	93
48	sx7fr5	78.97798578	84
49	sx7fr6	77.99341258	90
50	sx7fr8	76.94972265	90
51	sx7fr9	77.01196195	95
52	sx7ftz	84.67940577	76
53	sx7fv7	86.98583137	39
54	sx7fvb	84.80161632	77
55	sx7fvc	84.92805331	91
56	sx7fvd	85.95607515	86
57	sx7fve	86.0894276	59
58	sx7fvr	87.5541594	39
59	sx7fw3	82.21893374	90
60	sx7fw5	83.32688185	91
61	sx7fw6	82.31770373	92
62	sx7fw8	81.21539791	78
63	sx7fw9	81.31086559	86
64	sx7fwh	83.43322717	92
65	sx7fwj	83.54391238	87
66	sx7ghb	89.48540402	42
67	sx7ghc	89.63831259	69
68	sx7ghd	90.68238912	41
69	sx7ghk	91.88897132	51
70	sx7ghm	92.05398658	72
71	sx7ghq	92.22276061	75
72	sx7gj0	88.59555284	81
73	sxhzvq	49.91737004	59
74	sxhzvt	50.98978041	27
75	sxhzvw	50.53564417	50
76	sxk18j	74.84826451	82
77	sxk18n	74.81751993	94
78	sxk18p	74.79176175	94
79	sxk18r	73.87068242	89
80	sxk19j	71.16631785	82
81	sxk19m	70.2459076	82
82	sxk19q	70.21354527	86
83	sxk19y	68.37210995	73
84	sxk1b2	73.8497343	95
85	sxk1b9	72.91246703	96
86	sxk1bd	72.90157881	88
87	sxk1by	71.98828057	98
88	sxk1bz	72.0032972	98
89	sxk1ch	71.05246142	81
90	sxk1cm	70.13600973	97
91	sxk1cn	71.06726117	100
92	sxk1ct	69.21479184	97
93	sxk1cv	68.29357739	93
94	sxk1cy	68.30424942	61
95	sxk1dn	67.45142909	70
96	sxk1dt	65.64437989	47
97	sxk1dv	64.72418958	49
98	sxk1dw	65.61014618	52
99	sxk1dx	65.58159582	43
100	sxk1dz	64.66066712	43
101	sxk1ej	63.80404161	74
102	sxk1ek	62.92536109	66
103	sxk1em	62.88393783	71
104	sxk1fb	64.6375594	52
105	sxk1fj	67.37236655	88
106	sxk1fp	67.39970326	74
107	sxk1fq	66.46228364	89
108	sxk1fu	64.60294513	91
109	sxk1fv	64.60875731	92
110	sxk1g4	63.68725326	53
111	sxk1g5	63.68148557	73
112	sxk1ge	61.83861593	93
113	sxk1gg	60.91718075	91
114	sxk1gh	63.6815887	84
115	sxk1qx	51.33648042	61
116	sxk1qy	50.51913498	76
117	sxk1qz	50.42426444	79
118	sxk1rg	47.23312029	82
119	sxk1rm	48.8049276	75
120	sxk1rn	49.60894469	60
121	sxk1rq	48.6991962	79
122	sxk1rs	48.01278547	71
123	sxk1ru	47.10814549	80
124	sxk1s5	60.21626594	87
125	sxk1s7	59.29763806	75
126	sxk1se	58.37910817	75
127	sxk1sh	60.16699981	87
128	sxk1t4	56.60107232	78
129	sxk1t6	55.68375681	72
130	sxk1t9	54.83386671	47
131	sxk1tc	53.91792554	68
132	sxk1td	54.76659112	43
133	sxk1te	54.70606761	52
134	sxk1tg	53.78810493	86
135	sxk1tr	55.45257211	92
136	sxk1tt	54.60536411	94
137	sxk1tv	53.68583456	87
138	sxk1tw	54.56522167	91
139	sxk1tx	54.53190632	94
140	sxk1u4	60.00154953	94
141	sxk1u5	59.99574532	92
142	sxk1u6	59.08012671	90
143	sxk1uc	57.24966354	89
144	sxk1ud	58.15870528	91
145	sxk1uf	57.23728534	82
146	sxk1v1	56.32836995	85
147	sxk1w0	53.07858931	83
148	sxk1w1	53.00218808	75
149	sxk1w2	52.1643302	80
150	sxk1w6	52.01607234	93
151	sxk1w7	51.95258078	95
152	sxk1wc	50.25630944	93
153	sxk1wf	50.18329789	93
154	sxk1wh	52.81481264	93
155	sxk1x1	49.34150242	95
156	sxk1x3	48.42696131	89
157	sxk1x9	47.51270148	89
158	sxk1xb	46.68505062	68
159	sxk1xc	46.59873949	86
160	sxk1xd	47.43570341	89
161	sxk1xf	46.52030593	92
162	sxk1zz	46.2302757	50
163	sxk323	45.713783	76
164	sxk325	46.33152952	84
165	sxk326	45.56838895	80
166	sxk329	44.8194169	85
167	sxk333	42.14349902	69
168	sxk336	41.98605475	69
169	sxk33d	41.0934025	70
170	sxk33f	40.20207915	69
171	sxk33g	40.04649123	55
172	sxk33t	40.66246163	75
173	sxk33u	39.89966823	54
174	sxk33v	39.76170727	60
175	sxk33w	40.53624738	51
176	sxk33x	40.41889028	80
177	sxk35r	35.48236673	33
178	sxk365	39.15312642	73
179	sxk367	38.26112286	64
180	sxk36s	37.21343111	64
181	sxk36u	36.32068117	54
182	sxk372	35.27467374	28
183	sxk373	35.07641149	37
184	sxk376	34.88774076	42
185	sxk377	34.70881795	50
186	sxk37c	33.33063443	67
187	sxk37d	34.00878496	63
188	sxk37e	33.82528782	52
189	sxk37f	33.13217419	53
190	sxk37h	35.4294303	55
191	sxk37r	34.09355018	40
192	sxk384	45.60516559	92
193	sxk387	44.6170462	99
194	sxk38t	43.57696075	88
195	sxk38w	43.5276882	91
196	sxk38x	43.48695831	92
197	sxk38y	42.6084084	87
198	sxk38z	42.56687666	64
199	sxk393	41.12233495	85
200	sxk396	41.03392379	68
201	sxk397	40.95445207	80
202	sxk39j	41.74051823	89
203	sxk3bb	42.53409555	83
204	sxk3bc	42.51008529	87
205	sxk3bd	43.41623985	91
206	sxk3be	43.40987069	79
207	sxk3bf	42.49486076	95
208	sxk3bm	44.34398265	73
209	sxk3bp	45.31028871	57
210	sxk3bq	44.36296133	83
211	sxk3bs	43.41211393	86
212	sxk3bt	43.42296823	105
213	sxk3c4	41.57348587	93
214	sxk3c6	40.6521155	93
215	sxk3c7	40.64555232	91
216	sxk3ce	39.72411254	92
217	sxk3cg	38.80267261	93
218	sxk3e3	33.84805583	37
219	sxk3e6	33.74126417	36
220	sxk3eg	31.82261652	99
221	sxk3ek	33.56009962	46
222	sxk3em	33.48590212	41
223	sxk3eq	33.42272837	54
224	sxk3er	33.37064098	36
225	sxk3eu	31.732735	96
226	sxk3ev	31.65441195	92
227	sxk3ew	32.50511392	87
228	sxk3ex	32.45163163	59
229	sxk3ey	31.58773336	87
230	sxk3f5	37.88123253	95
231	sxk3f6	36.96668621	88
232	sxk3f7	36.95979231	89
233	sxk3fd	36.04534402	95
234	sxk3ff	35.12400887	92
235	sxk3g2	33.32969191	89
236	sxk3g3	33.29992227	85
237	sxk3g4	34.20268133	91
238	sxk3g8	32.40959946	49
239	sxk3g9	32.37906199	41
240	sxk3gb	31.48959251	38
241	sxk3gc	31.45824011	37
242	sxk3gd	32.36005178	40
243	sxk3gk	33.27793359	37
244	sxk3gm	33.29306881	34
245	sxk3gq	33.31942038	53
246	sxk3gr	33.3569617	64
247	sxk3gs	32.35668204	55
248	sxk3he	32.23836752	32
249	sxk3hs	31.96324962	55
250	sxk3ht	31.69754077	55
251	sxk3hv	30.86515754	35
252	sxk3hw	31.44147951	37
253	sxk3hx	31.19530341	47
254	sxk3hz	30.34929156	29
255	sxk3j5	30.6079108	28
256	sxk3j6	30.10914472	18
257	sxk3j7	29.80205363	23
258	sxk3jd	29.3185332	20
259	sxk3je	29.00313965	19
260	sxk3jf	28.53583425	18
261	sxk3jg	28.21175873	30
262	sxk3jh	30.31814193	36
263	sxk3jk	29.50444009	20
264	sxk3jm	29.21659372	24
265	sxk3jp	29.50784615	28
266	sxk3jq	28.93880598	36
267	sxk3jr	28.67136923	37
268	sxk3js	28.69731015	21
269	sxk3jt	28.40135365	26
270	sxk3jw	28.11558195	37
271	sxk3k1	32.46183064	32
272	sxk3k2	31.81570317	40
273	sxk3k3	31.59604978	33
274	sxk3k8	30.95924828	47
275	sxk3k9	30.73354734	74
276	sxk3kb	30.106676	31
277	sxk3kd	30.5184303	70
278	sxk3ke	30.31412249	44
279	sxk3kf	29.65333303	28
280	sxk3ks	30.12084386	28
281	sxk3kt	29.93880802	25
282	sxk3ku	29.24413606	26
283	sxk3kv	29.05668303	29
284	sxk3kw	29.76822123	26
285	sxk3kx	29.60928136	21
286	sxk3ky	28.88096159	34
287	sxk3kz	28.7171871	26
288	sxk3m1	29.01954597	25
289	sxk3m2	28.41457575	34
290	sxk3m4	28.79177397	16
291	sxk3n4	27.76171715	23
292	sxk3n5	27.42856294	28
293	sxk3ng	25.13569877	40
294	sxk3nh	27.10510969	33
295	sxk3nk	26.32137362	40
296	sxk3nt	25.21426869	45
297	sxk3nu	24.78254031	43
298	sxk3nw	24.89222071	25
299	sxk3nx	24.58116634	25
300	sxk3ny	24.10725098	18
301	sxk3nz	23.78600101	22
302	sxk3p3	24.44282962	58
303	sxk3p4	24.76703273	51
304	sxk3p5	24.39328075	34
305	sxk3p6	24.04856122	58
306	sxk3p7	23.66352583	47
307	sxk3pc	23.07393007	49
308	sxk3ph	24.02927719	36
309	sxk3pj	23.67547169	48
310	sxk3pm	22.92300406	39
311	sxk3pn	23.33232818	44
312	sxk3pq	22.56848726	37
313	sxk3pr	22.22514117	52
314	sxk3pu	21.84742512	57
315	sxk3pw	21.81689225	48
316	sxk3px	21.46159016	58
317	sxk3py	21.07885313	49
318	sxk3pz	20.71095735	60
319	sxk3q9	23.99373363	32
320	sxk3qb	23.47628418	23
321	sxk3qc	23.17856282	22
322	sxk3qd	23.71821414	59
323	sxk3qe	23.45540217	30
324	sxk3qf	22.89330493	42
325	sxk3qg	22.62098203	45
326	sxk3qq	23.61327152	44
327	sxk3qr	23.4131709	41
328	sxk3qt	22.96962451	37
329	sxk3qv	22.11702975	27
330	sxk3qw	22.74750977	41
331	sxk3qx	22.53979885	34
332	sxk3qy	21.88633739	37
333	sxk3r0	22.67994793	18
334	sxk3r1	22.37169997	21
335	sxk3r2	21.89349138	19
336	sxk3r3	21.57407728	24
337	sxk3r4	22.07608802	31
338	sxk3r5	21.79362627	23
339	sxk3r6	21.26745018	22
340	sxk3r8	21.11801834	63
341	sxk3r9	20.78675844	41
342	sxk3rc	20.01095972	24
343	sxk3rd	20.46840824	51
344	sxk3rg	19.3629644	25
345	sxk3rh	21.52483242	33
346	sxk3rj	21.27022464	36
347	sxk3rk	20.69480695	17
348	sxk3rm	20.42992916	24
349	sxk3rn	21.03031819	29
350	sxk3rq	20.18010796	27
351	sxk3rr	19.94590911	27
352	sxk3rs	19.87289357	35
353	sxk3rt	19.5969807	42
354	sxk3ru	19.06014175	25
355	sxk3rv	18.77235729	25
356	sxk3rw	19.33647299	58
357	sxk3rx	19.09200105	45
358	sxk3rz	18.24471246	24
359	sxk3s1	31.13237181	93
360	sxk3s4	31.01646885	95
361	sxk3s6	30.10984735	40
362	sxk3s8	29.46217691	23
363	sxk3sb	28.56556503	25
364	sxk3sc	28.42628986	31
365	sxk3se	29.09359922	30
366	sxk3sg	28.18549609	29
367	sxk3sk	29.90734076	35
368	sxk3sn	30.67060771	59
369	sxk3sp	30.61407896	49
370	sxk3sv	27.99609865	21
371	sxk3t4	27.39605616	35
372	sxk3t5	27.2783083	32
373	sxk3t6	26.49382919	32
374	sxk3t9	25.73283986	42
375	sxk3tc	24.8385412	27
376	sxk3th	27.17381264	41
377	sxk3w0	24.1110906	56
378	sxk3w1	23.94633035	54
379	sxk3w2	23.22744781	63
380	sxk3w3	23.0564497	51
381	sxk3w4	23.79614599	46
382	sxk3w5	23.6608151	39
383	sxk3w6	22.9005064	55
384	sxk3w7	22.75992739	58
385	sxk3w8	22.34689338	33
386	sxk3wb	21.46980731	36
387	sxk3wc	21.28484738	40
388	sxk3wd	22.00702635	55
389	sxk3we	21.86077909	61
390	sxk3wg	20.96359402	55
391	sxk3ws	21.73075922	74
392	sxk3wt	21.61725956	76
393	sxk3ww	21.52054149	47
394	sxk3wz	20.52561173	77
395	sxk3x0	20.59663272	44
396	sxk3x2	19.72788901	22
397	sxk3x4	20.22768894	26
398	sxk3x5	20.06863553	45
399	sxk3x8	18.86418835	37
400	sxk3x9	18.65364526	54
401	sxk3xb	18.00625648	30
402	sxk3xc	17.78563448	36
403	sxk3xe	18.28670514	45
404	sxk3xg	17.40055118	47
405	sxk3xh	19.9270832	41
406	sxk3xj	19.80340725	34
407	sxk3xk	19.02810223	38
408	sxk3xn	19.6979444	34
409	sxk3xp	19.61098848	42
410	sxk3xq	18.78815842	59
411	sxk3xs	18.13140393	55
412	sxk3xt	17.99554983	69
413	sxk3xx	17.78390195	78
414	sxk3yc	20.41327149	40
415	sxk3yf	20.38440046	30
416	sxk3yg	20.37384824	30
417	sxk3z0	19.54278655	41
418	sxk3z1	19.49353545	37
419	sxk3z2	18.62558036	39
420	sxk3z3	18.57397613	59
421	sxk3z4	19.46337903	38
422	sxk3z5	19.4524061	47
423	sxk3z6	18.54240319	46
424	sxk3z7	18.53096393	51
425	sxk3z8	17.70882599	81
426	sxk3z9	17.65462118	88
427	sxk3ze	17.60952172	85
428	sxk3zh	19.46064912	25
429	sxk3zr	18.68630697	83
430	sxk3zs	17.61878913	86
431	sxk3zt	17.64924891	87
432	sxk3zx	17.77323395	84
433	sxk3zz	16.86105466	58
434	sxk406	73.91863672	99
435	sxk407	73.9533342	103
436	sxk408	72.94393066	95
437	sxk409	72.96892229	98
438	sxk40d	72.99902718	92
439	sxk40j	74.95578696	90
440	sxk40k	73.99306841	97
441	sxk40m	74.03783126	95
442	sxk40n	75.00488366	90
443	sxk448	65.58113014	88
444	sxk454	63.80537967	87
445	sxk456	62.88630299	87
446	sxk4h1	60.09170916	93
447	sxk4hd	58.29190478	86
448	sxk4hg	57.41952539	91
449	sxk4jh	56.5554593	90
450	sxk4jm	55.70008961	88
451	sxk4jt	54.78466595	86
452	sxk4nz	50.36962928	73
453	sxk4pb	46.2644952	42
454	sxk4pc	46.30676421	47
455	sxk4pf	46.3570607	87
456	sxk4pg	46.41535859	91
457	sxk4pq	48.46153657	51
458	sxk4pr	48.54797121	74
459	sxk4ps	47.39640696	86
460	sxk4pt	47.46910758	73
461	sxk4pv	46.55583417	50
462	sxk4px	47.63772713	94
463	sxk4r8	47.73356405	95
464	sxk4r9	47.83702538	103
465	sxk4rd	47.94806176	96
466	sxk4re	48.06662071	101
467	sxk4rs	48.1926467	98
468	sxk4rt	48.32608132	98
469	sxk4rw	48.46686336	95
470	sxk4rx	48.61492902	62
471	sxk4rz	47.72434204	85
472	sxk4x8	48.77021193	30
473	sxk4xb	47.8825884	90
474	sxk60m	44.7302439	92
475	sxk60n	45.72669544	87
476	sxk60q	44.81585021	95
477	sxk60t	43.81796693	95
478	sxk60v	42.9060648	99
479	sxk61n	42.08596946	93
480	sxk61q	41.17699201	98
481	sxk61w	40.26856148	99
482	sxk61x	40.37329503	91
483	sxk61z	39.46793521	88
484	sxk63b	39.58431066	97
485	sxk652	33.40565506	58
486	sxk655	34.52976494	28
487	sxk656	33.53629247	66
488	sxk657	33.61810731	52
489	sxk661	38.81093073	94
490	sxk664	38.94855005	94
491	sxk665	39.09524948	95
492	sxk66h	39.25092722	86
493	sxk66k	38.3636794	92
494	sxk66m	38.53209317	92
495	sxk66q	38.70943407	94
496	sxk66w	37.83204782	91
497	sxk66x	38.02256349	88
498	sxk66z	37.15184757	73
499	sxk675	35.54063569	63
500	sxk676	34.49020824	55
501	sxk67f	32.71819348	83
502	sxk67h	35.7121239	77
503	sxk680	46.99623462	92
504	sxk68c	44.52451741	91
505	sxk68d	45.585992	92
506	sxk691	43.64771855	91
507	sxk699	41.89975638	102
508	sxk6db	37.35591705	71
509	sxk6dc	37.56883117	62
510	sxk6dt	39.34625232	88
511	sxk6e0	36.49259631	85
512	sxk6e4	36.93742193	92
513	sxk6es	35.74415107	100
514	sxk6eu	34.9141006	97
515	sxk6g7	38.55348922	89
516	sxk6gd	37.45152366	81
517	sxk6gf	36.66055472	87
518	sxk6k4	31.83515346	74
519	sxk6k6	30.95431756	59
520	sxk6k7	31.1394544	49
521	sxk6k9	29.89658783	43
522	sxk6kc	29.01527754	62
523	sxk6kd	30.07587946	56
524	sxk6m1	28.13650317	48
525	sxk6m9	26.38757502	61
526	sxk6mb	25.32081781	75
527	sxk6me	26.80653164	28
528	sxk6mf	25.72823055	33
529	sxk6mr	28.61718478	65
530	sxk6ms	27.03432668	41
531	sxk6mt	27.2739304	46
532	sxk6mu	26.18646595	37
533	sxk6mw	27.52503441	56
534	sxk6np	24.25737261	60
535	sxk6nq	23.19770417	77
536	sxk6nr	23.38097916	48
537	sxk6nt	22.14236437	49
538	sxk6nu	21.09201313	69
539	sxk6nv	21.2584274	54
540	sxk6nw	22.31762944	75
541	sxk6p2	18.7747938	81
542	sxk6p4	19.90841108	41
543	sxk6p5	20.04744522	38
544	sxk6p8	17.86632156	62
545	sxk6p9	17.97973383	77
546	sxk6pb	16.95922787	48
547	sxk6pd	18.11308898	76
548	sxk6pe	18.26595023	84
549	sxk6ph	20.20403596	49
550	sxk6pt	18.62820906	89
551	sxk6px	19.06217547	87
552	sxk6q0	24.44792659	55
553	sxk6q1	24.65217806	23
554	sxk6q5	25.10041354	35
555	sxk6q7	24.25478963	37
556	sxk6qe	23.41483959	33
557	sxk6qs	23.6755925	41
558	sxk6qt	23.94912166	30
559	sxk6qy	23.43075614	52
560	sxk6qz	23.73869961	75
561	sxk6r8	19.30456905	87
562	sxk6rc	18.73893797	88
563	sxk6ru	19.64141868	69
564	sxk6ry	20.31294965	78
565	sxk6sg	31.35451355	77
566	sxk6sh	34.08869389	95
567	sxk6sk	33.26827659	95
568	sxk6ss	32.45322712	88
569	sxk6su	31.64396026	83
570	sxk6sy	32.24985209	86
571	sxk6sz	32.56579489	66
572	sxk6t0	29.71016749	74
573	sxk6t1	29.97815256	80
574	sxk6t2	28.88243645	71
575	sxk6t4	30.25612316	53
576	sxk6th	30.84093126	85
577	sxk6tk	30.04464028	74
578	sxk6ts	29.25563755	89
579	sxk6tu	28.47452894	84
580	sxk6u1	35.55786467	85
581	sxk6u2	34.45517945	78
582	sxk6w5	27.37052193	85
583	sxk6w7	26.59769806	83
584	sxk6wb	24.05824528	57
585	sxk6we	25.83455648	84
586	sxk6ws	26.18559758	86
587	sxk6wu	25.44347069	89
588	sxk6x0	23.28446047	72
589	sxk6x1	23.62605049	63
590	sxk6x5	24.34095171	87
591	sxk6x6	23.23854833	76
592	sxk6x7	23.61255569	86
593	sxk6xc	21.41191677	80
594	sxk6xd	22.51206102	84
595	sxk6xe	22.8979986	58
596	sxk6xg	22.19861689	65
597	sxk6xh	24.71334529	87
598	sxk8vx	17.72219645	51
599	sxk8wz	23.84578401	52
600	sxk8xg	27.63014417	54
601	sxk8xj	25.33204007	52
602	sxk8xm	25.71213389	63
603	sxk8xn	24.77176833	63
604	sxk8xp	24.21397409	49
605	sxk8xq	25.16029546	64
606	sxk8xr	24.61127565	33
607	sxk8xs	26.6653672	47
608	sxk8xw	25.57623492	32
609	sxk8xx	25.03630281	24
610	sxk8xy	26.01827204	25
611	sxk8xz	25.48766856	23
612	sxk8yb	23.28189651	51
613	sxk8ye	21.23258556	62
614	sxk8yf	22.16169292	26
615	sxk8yg	21.6057694	29
616	sxk8yk	20.32136077	69
617	sxk8ym	19.75156773	41
618	sxk8yn	18.85366823	46
619	sxk8yr	18.61991474	44
620	sxk8ys	20.66979539	38
621	sxk8yt	20.10984775	26
622	sxk8yv	20.50341183	31
623	sxk8yw	19.55298684	44
624	sxk8yx	18.99948407	58
625	sxk8z2	24.06526736	30
626	sxk8z3	23.52248031	36
627	sxk8z4	22.55729024	30
628	sxk8z5	22.01132683	33
629	sxk8z6	22.98314271	33
630	sxk8z7	22.44750322	24
631	sxk8z8	24.49973279	24
632	sxk8z9	23.96675068	37
633	sxk8zb	24.96076521	56
634	sxk8zc	24.43780133	40
635	sxk8zd	23.43760123	26
636	sxk8ze	22.91255	19
637	sxk8zh	21.46889511	30
638	sxk8zk	21.91583298	21
639	sxk8zm	21.388428	27
640	sxk8zn	20.39575208	30
641	sxk8zp	19.86567391	50
642	sxk8zs	22.39188526	16
643	sxk8zt	21.87592025	34
644	sxk8zx	20.8594812	31
645	sxk8zy	21.8918829	41
646	sxk8zz	21.39877484	35
647	sxk900	22.85376563	26
648	sxk901	22.41508678	55
649	sxk903	21.775394	32
650	sxk904	21.98466305	63
651	sxk905	21.56298878	70
652	sxk906	21.3321221	61
653	sxk907	20.89734109	66
654	sxk90e	20.25183356	54
655	sxk90g	19.62845333	54
656	sxk90h	21.15058729	75
657	sxk90j	20.74801153	62
658	sxk90k	20.47159197	63
659	sxk90m	20.05544997	31
660	sxk90p	19.97469916	13
661	sxk90q	19.64952546	42
662	sxk90r	19.25446468	15
663	sxk90t	19.38203806	40
664	sxk90u	19.17466243	29
665	sxk90v	18.72984146	33
666	sxk90w	18.96176129	43
667	sxk90x	18.55212022	23
668	sxk90y	18.29464471	39
669	sxk90z	17.86977536	43
670	sxk915	19.0293751	57
671	sxk917	18.45696545	61
672	sxk91h	18.5609953	22
673	sxk91j	18.10115352	22
674	sxk91k	17.97372504	49
675	sxk91m	17.49850829	37
676	sxk91n	17.65051708	19
677	sxk91q	17.03198684	36
678	sxk91r	16.57489492	39
679	sxk91s	17.41552225	66
680	sxk91t	16.92468796	21
681	sxk91u	16.8892693	71
682	sxk91v	16.38272169	59
683	sxk91w	16.4419431	23
684	sxk91x	15.96802135	24
685	sxk91y	15.88356085	29
686	sxk91z	15.39250542	22
687	sxk920	19.60521848	11
688	sxk921	19.24807414	12
689	sxk922	18.87094993	22
690	sxk923	18.49969931	23
691	sxk924	18.90396537	26
692	sxk925	18.5736167	19
693	sxk926	18.14146576	27
694	sxk927	17.79703535	27
695	sxk929	17.76766892	16
696	sxk92b	17.45598751	35
697	sxk92c	17.05408781	24
698	sxk92d	17.39442954	14
699	sxk92e	17.03496643	14
700	sxk92f	16.66493637	16
701	sxk92h	18.25777504	17
702	sxk92j	17.95720589	21
703	sxk92m	17.15287696	20
704	sxk92n	17.67268851	23
705	sxk92s	16.69016974	17
706	sxk92t	16.36096674	17
707	sxk92u	15.92858555	26
708	sxk92v	15.58336862	21
709	sxk92w	16.04831709	21
710	sxk92x	15.75320641	17
711	sxk92y	15.25485825	20
712	sxk92z	14.94415621	15
713	sxk930	16.77981197	33
714	sxk932	16.12803429	45
715	sxk933	15.69227902	27
716	sxk934	15.95539269	29
717	sxk935	15.56285522	24
718	sxk936	15.26857998	30
719	sxk938	15.50373185	39
720	sxk939	15.0499661	51
721	sxk93b	14.91035627	24
722	sxk93c	14.43800567	31
723	sxk93e	14.17802469	40
724	sxk93f	13.97644712	54
725	sxk93g	13.52678541	50
726	sxk93h	15.18480003	23
727	sxk93j	14.8223353	23
728	sxk93k	14.46155972	37
729	sxk93m	14.08055293	24
730	sxk93n	14.47663213	18
731	sxk93p	14.14891919	14
732	sxk93q	13.7162318	47
733	sxk93r	13.36996041	51
734	sxk93s	13.76210415	54
735	sxk93t	13.36122822	38
736	sxk93u	13.09024658	21
737	sxk93v	12.66818734	24
738	sxk93w	12.97679126	29
739	sxk93x	12.61029682	55
740	sxk93y	12.26210292	41
741	sxk93z	11.87363249	55
742	sxk94n	15.36029339	46
743	sxk94p	14.85199294	33
744	sxk94q	14.87584674	74
745	sxk94r	14.35043968	58
746	sxk960	14.35174409	36
747	sxk961	13.86041867	45
748	sxk962	13.83210775	36
749	sxk964	13.3789998	39
750	sxk965	12.90859592	53
751	sxk966	12.82009069	27
752	sxk967	12.32842894	34
753	sxk968	13.35599727	62
754	sxk969	12.82667579	28
755	sxk96b	12.92822238	56
756	sxk96c	12.38066316	32
757	sxk96d	12.3049723	32
758	sxk96e	11.79189798	30
759	sxk96f	11.83936189	32
760	sxk96g	11.3052175	44
761	sxk96h	12.45045559	59
762	sxk96j	12.00598281	58
763	sxk96k	11.84792715	51
764	sxk96m	11.37999906	43
765	sxk96n	11.57675192	61
766	sxk96p	11.16452102	28
767	sxk96q	10.92626022	49
768	sxk96r	10.48855229	32
769	sxk96s	11.28862949	22
770	sxk96u	10.77929397	33
771	sxk96v	10.26285523	40
772	sxk96w	10.31722349	34
773	sxk96x	9.852550307	49
774	sxk96y	9.757407425	27
775	sxk96z	9.26474959	20
776	sxk970	12.55372523	56
777	sxk971	11.98910754	21
778	sxk972	12.23739814	35
779	sxk975	10.87508226	39
780	sxk976	11.08099136	28
781	sxk978	11.98384838	49
782	sxk979	11.39106978	65
783	sxk97h	10.32731554	42
784	sxk97j	9.787096682	31
785	sxk97k	9.940521064	25
786	sxk97m	9.378082353	30
787	sxk97n	9.255747399	36
788	sxk97p	8.734886467	50
789	sxk97q	8.822169883	35
790	sxk97r	8.274099199	32
791	sxk97s	9.626770855	37
792	sxk97t	9.044871426	30
793	sxk97w	8.467140273	27
794	sxk97z	7.608227654	33
795	sxk980	17.15495894	21
796	sxk982	16.31133452	20
797	sxk983	16.06760757	20
798	sxk985	16.51829366	50
799	sxk986	15.84374243	32
800	sxk987	15.64059198	49
801	sxk988	15.47663805	20
802	sxk989	15.21962289	33
803	sxk98b	14.65239543	18
804	sxk98c	14.38072882	37
805	sxk98f	14.13031539	24
806	sxk98h	16.34635715	58
807	sxk98k	15.45897289	75
808	sxk98m	15.29965195	69
809	sxk98q	15.16333206	69
810	sxk98r	15.0506382	71
811	sxk98s	14.57584987	53
812	sxk98t	14.40684294	65
813	sxk98u	13.69781235	59
814	sxk98v	13.51790893	77
815	sxk98y	13.36358644	57
816	sxk991	13.55261358	22
817	sxk992	13.04317639	48
818	sxk993	12.73737971	47
819	sxk994	13.28667448	45
820	sxk997	12.19495687	44
821	sxk998	12.26335366	21
822	sxk999	11.93766656	21
823	sxk99b	11.50456048	26
824	sxk99c	11.15681218	21
825	sxk99d	11.63502065	27
826	sxk99e	11.35725807	20
827	sxk99f	10.83244141	21
828	sxk99g	10.53360806	16
829	sxk99h	12.8259048	51
830	sxk99j	12.63366793	46
831	sxk99k	11.96146782	23
832	sxk99n	12.46848343	54
833	sxk99r	11.42990053	39
834	sxk99u	10.26254321	23
835	sxk99v	10.02150042	33
836	sxk99w	10.69181101	27
837	sxk99x	10.53183549	29
838	sxk99z	9.63821424	26
839	sxk9b2	14.96210425	68
840	sxk9b3	14.89816092	67
841	sxk9b6	14.85912568	69
842	sxk9b7	14.84519502	42
843	sxk9b8	14.04809553	64
844	sxk9b9	13.98005152	72
845	sxk9bb	13.13514185	45
846	sxk9bc	13.06242241	22
847	sxk9be	13.9237528	30
848	sxk9bf	13.0180486	32
849	sxk9bk	14.85643955	45
850	sxk9bn	15.8689968	68
851	sxk9bp	15.94992245	45
852	sxk9bq	14.95409992	62
853	sxk9bs	13.93582043	28
854	sxk9bt	13.97465821	52
855	sxk9bu	13.01531238	46
856	sxk9c1	12.14538245	28
857	sxk9c2	11.31342105	54
858	sxk9c4	12.09772534	35
859	sxk9c5	12.08086853	28
860	sxk9c6	11.17759289	28
861	sxk9c8	10.40538695	56
862	sxk9cb	9.49995787	49
863	sxk9cc	9.399521697	54
864	sxk9cd	10.25770263	15
865	sxk9ce	10.23798467	18
866	sxk9ch	12.09494079	38
867	sxk9d0	10.77124213	21
868	sxk9d2	10.06896613	27
869	sxk9d3	9.669860996	34
870	sxk9d4	10.05033635	20
871	sxk9d5	9.727576115	33
872	sxk9d6	9.293875804	18
873	sxk9d7	8.943926778	20
874	sxk9d9	8.976156794	41
875	sxk9dc	8.32683043	47
876	sxk9de	8.189088248	32
877	sxk9dg	7.471797484	56
878	sxk9dh	9.433450919	42
879	sxk9dj	9.170716345	16
880	sxk9dk	8.62318433	28
881	sxk9dm	8.335020861	21
882	sxk9dn	8.942139748	22
883	sxk9dq	8.082921534	27
884	sxk9dr	7.870352679	26
885	sxk9ds	7.837584369	28
886	sxk9du	7.084861232	76
887	sxk9dv	6.731310636	53
888	sxk9dw	7.239074718	22
889	sxk9dx	7.001008099	30
890	sxk9dy	6.416666597	47
891	sxk9dz	6.146906596	31
892	sxk9e0	8.226506333	56
893	sxk9e1	7.733068895	43
894	sxk9e2	7.735537273	20
895	sxk9e3	7.208615645	29
896	sxk9e5	6.803940058	57
897	sxk9e6	6.696082838	49
898	sxk9e7	6.201507436	46
899	sxk9e8	7.328120147	23
900	sxk9e9	6.769598221	22
901	sxk9ec	6.433530625	20
902	sxk9ed	6.221041596	25
903	sxk9ee	5.685335548	33
904	sxk9ef	5.853595938	20
905	sxk9eg	5.28078004	45
906	sxk9eh	6.376668252	38
907	sxk9ej	5.981469628	34
908	sxk9ek	5.729541592	51
909	sxk9em	5.286244647	27
910	sxk9en	5.625108267	52
911	sxk9ep	5.315401239	58
912	sxk9eq	4.879436581	31
913	sxk9er	4.518982571	34
914	sxk9es	5.166479008	48
915	sxk9et	4.6700914	19
916	sxk9eu	4.717676714	21
917	sxk9ev	4.168224159	20
918	sxk9ex	3.77989421	27
919	sxk9ey	3.63861169	17
920	sxk9ez	3.138898012	23
921	sxk9f0	8.597956846	54
922	sxk9f1	8.48693323	70
923	sxk9f3	7.576507232	77
924	sxk9f8	6.809684951	75
925	sxk9fb	5.928161124	55
926	sxk9fc	5.766238905	61
927	sxk9ff	5.66601368	55
928	sxk9fg	5.630780949	78
929	sxk9fs	6.578785508	77
930	sxk9ft	6.66160858	70
931	sxk9fu	5.661754174	81
932	sxk9fw	6.798633837	68
933	sxk9fx	6.986672907	68
934	sxk9g0	5.060920949	54
935	sxk9g1	4.870332081	63
936	sxk9g2	4.216786556	32
937	sxk9g3	3.986120607	49
938	sxk9g4	4.751329447	62
939	sxk9g8	3.412945714	40
940	sxk9g9	3.123552459	29
941	sxk9gb	2.68582385	15
942	sxk9gc	2.307033181	24
943	sxk9gd	2.93474782	63
944	sxk9ge	2.86647743	44
945	sxk9gf	2.044245033	66
946	sxk9gg	1.945059572	42
947	sxk9gh	4.74641707	51
948	sxk9gj	4.8607429	42
949	sxk9gm	3.97472824	51
950	sxk9gn	5.047073538	31
951	sxk9gs	2.927187087	45
952	sxk9gu	2.033558221	33
953	sxk9hg	14.79573248	32
954	sxk9hm	13.47021613	22
955	sxk9hr	12.24732113	26
956	sxk9hs	14.10515874	18
957	sxk9ht	13.49477117	28
958	sxk9hu	14.18869497	37
959	sxk9hv	13.58205485	40
960	sxk9hy	12.97586783	48
961	sxk9hz	12.37020054	27
962	sxk9j1	16.1372946	41
963	sxk9j3	16.31502502	33
964	sxk9j4	15.5345337	34
965	sxk9j5	14.93248072	28
966	sxk9j6	15.71906553	29
967	sxk9j7	15.12434408	23
968	sxk9j8	17.13152176	44
969	sxk9j9	16.5423581	29
970	sxk9jc	16.81728239	23
971	sxk9jd	15.95487288	24
972	sxk9jf	16.23972229	29
973	sxk9jg	15.66473607	27
974	sxk9jh	14.3312249	34
975	sxk9jj	13.73087096	31
976	sxk9jk	14.53101269	32
977	sxk9jm	13.93924887	26
978	sxk9jn	13.13154258	57
979	sxk9jp	12.53338689	58
980	sxk9jq	13.34926109	44
981	sxk9jr	12.76129568	46
982	sxk9jt	14.20456755	31
983	sxk9jv	14.52370675	37
984	sxk9jw	13.62604966	41
985	sxk9jx	13.05053648	32
986	sxk9jy	13.95839473	28
987	sxk9jz	13.39713746	25
988	sxk9k0	11.68043142	58
989	sxk9k2	11.63587667	41
990	sxk9k4	10.46275094	48
991	sxk9k5	9.854398591	37
992	sxk9k6	10.41299564	27
993	sxk9k7	9.801560039	24
994	sxk9k8	11.6642868	46
995	sxk9kc	11.16076352	24
996	sxk9kd	10.4447273	29
997	sxk9ke	9.835261776	31
998	sxk9kf	10.55721118	28
999	sxk9kg	9.954624883	27
1000	sxk9kh	9.246457125	34
1001	sxk9km	8.578702201	45
1002	sxk9kp	7.426106833	25
1003	sxk9ks	9.226061101	27
1004	sxk9kt	8.617181441	24
1005	sxk9ku	9.353191363	24
1006	sxk9kv	8.753148238	31
1007	sxk9kw	8.008696016	29
1008	sxk9kx	7.400702069	59
1009	sxk9ky	8.154802438	26
1010	sxk9kz	7.558557062	39
1011	sxk9m0	11.9365802	50
1012	sxk9m1	11.34133546	31
1013	sxk9m2	12.17564563	33
1014	sxk9m3	11.59266185	33
1015	sxk9m4	10.74791219	26
1016	sxk9m5	10.15662967	25
1017	sxk9m6	11.01276779	25
1018	sxk9m7	10.43647849	26
1019	sxk9m9	11.91026442	32
1020	sxk9mb	12.84046666	26
1021	sxk9md	11.34658633	23
1022	sxk9me	10.7881151	29
1023	sxk9mf	11.74348829	20
1024	sxk9mg	11.20478284	27
1025	sxk9mh	9.567884789	37
1026	sxk9mk	9.864425749	44
1027	sxk9mn	8.400140197	30
1028	sxk9mp	7.822595367	24
1029	sxk9mq	8.736353322	30
1030	sxk9ms	10.23570304	33
1031	sxk9mt	9.690386429	25
1032	sxk9mu	10.6739207	33
1033	sxk9mv	10.15213233	39
1034	sxk9mx	8.626406191	31
1035	sxk9my	9.640891123	24
1036	sxk9mz	9.141966729	28
1037	sxk9n0	17.70692701	26
1038	sxk9n1	17.13750764	23
1039	sxk9n3	17.50054725	34
1040	sxk9n4	16.57108491	30
1041	sxk9n5	16.00797692	39
1042	sxk9n6	16.94623242	28
1043	sxk9n7	16.39598169	25
1044	sxk9nd	17.36232689	26
1045	sxk9ne	16.82565385	36
1046	sxk9nf	17.81649964	24
1047	sxk9ng	17.29388795	33
1048	sxk9nh	15.44854615	53
1049	sxk9nj	14.89320699	32
1050	sxk9nn	14.34243472	31
1051	sxk9nr	14.2449898	61
1052	sxk9ns	16.29425183	27
1053	sxk9nt	15.76865375	41
1054	sxk9nu	16.77728358	40
1055	sxk9nw	15.24945974	48
1056	sxk9nx	14.73734666	46
1057	sxk9ny	15.76445243	30
1058	sxk9p0	19.34040019	57
1059	sxk9p1	18.8203332	54
1060	sxk9p2	19.83519344	32
1061	sxk9p4	18.30591671	28
1062	sxk9p7	18.33398454	40
1063	sxk9p8	20.35978055	41
1064	sxk9pb	20.91191944	38
1065	sxk9pg	19.49352453	34
1066	sxk9ph	17.29604651	28
1067	sxk9pm	17.36876398	29
1068	sxk9pn	16.31536067	51
1069	sxk9pp	15.83766247	52
1070	sxk9pq	16.89867221	36
1071	sxk9pr	16.43788507	25
1072	sxk9pu	19.03652905	29
1073	sxk9pw	17.51114919	54
1074	sxk9px	17.06685477	40
1075	sxk9pz	17.72151095	29
1076	sxk9q0	13.25686319	50
1077	sxk9q1	12.72342683	39
1078	sxk9q2	13.72268456	44
1079	sxk9q3	13.20803513	30
1080	sxk9q4	12.197317	22
1081	sxk9q5	11.67952382	24
1082	sxk9q6	12.7019721	28
1083	sxk9q7	12.20556355	25
1084	sxk9q8	14.23307886	42
1085	sxk9qb	14.78343019	23
1086	sxk9qd	13.25164809	40
1087	sxk9qe	12.77656734	35
1088	sxk9qf	13.84098215	23
1089	sxk9qg	13.38678268	28
1090	sxk9qh	11.17120381	22
1091	sxk9qk	11.7200363	28
1092	sxk9qm	11.24679969	46
1093	sxk9qn	10.18862992	24
1094	sxk9qp	9.717821092	26
1095	sxk9qq	10.78747137	31
1096	sxk9qr	10.34390434	28
1097	sxk9qs	12.31352719	45
1098	sxk9qt	11.86393753	41
1099	sxk9qv	12.5186112	39
1100	sxk9qw	11.42938574	27
1101	sxk9qx	11.01165228	37
1102	sxk9r0	15.36944677	24
1103	sxk9r1	14.91160682	26
1104	sxk9r2	15.98720711	29
1105	sxk9r4	14.46512789	26
1106	sxk9r5	14.03109455	22
1107	sxk9r7	14.70502172	21
1108	sxk9r8	16.63317467	32
1109	sxk9r9	16.21096081	29
1110	sxk9rb	17.30419079	30
1111	sxk9rc	16.89869433	26
1112	sxk9rd	15.80113234	28
1113	sxk9re	15.40467783	28
1114	sxk9rf	16.50589299	30
1115	sxk9rg	16.12671445	50
1116	sxk9rh	13.61069751	29
1117	sxk9rn	12.81613746	45
1118	sxk9rq	13.55044575	47
1119	sxk9rs	15.02265612	25
1120	sxk9rt	14.65619587	58
1121	sxk9s0	6.820996541	36
1122	sxk9s1	6.217130228	38
1123	sxk9s2	6.744466982	31
1124	sxk9s3	6.133077207	63
1125	sxk9s4	5.614909265	35
1126	sxk9s5	5.014926438	44
1127	sxk9s6	5.521704495	66
1128	sxk9s7	4.910355218	60
1129	sxk9s8	6.79333156	63
1130	sxk9s9	6.186768107	69
1131	sxk9sd	5.58127484	31
1132	sxk9se	4.977242352	30
1133	sxk9sh	4.418093665	39
1134	sxk9sm	3.687773593	40
1135	sxk9sn	3.240837942	29
1136	sxk9sp	2.667666589	36
1137	sxk9sr	2.465541148	58
1138	sxk9st	3.77636288	34
1139	sxk9su	4.637180717	30
1140	sxk9sv	4.076901643	38
1141	sxk9sw	3.182228654	32
1142	sxk9sx	2.596155839	28
1143	sxk9sy	3.533637267	27
1144	sxk9sz	3.016594267	26
1145	sxk9t0	7.250615458	30
1146	sxk9t1	6.685628922	38
1147	sxk9t2	7.637537328	31
1148	sxk9t3	7.103358704	35
1149	sxk9t5	5.585105465	35
1150	sxk9t6	6.582645105	30
1151	sxk9t8	8.111239481	29
1152	sxk9t9	7.61034239	28
1153	sxk9tb	8.65748883	30
1154	sxk9tc	8.190021562	34
1155	sxk9td	7.126724343	27
1156	sxk9te	6.664148232	32
1157	sxk9tf	7.742646619	35
1158	sxk9tk	5.596569463	34
1159	sxk9tm	5.141833451	26
1160	sxk9tq	4.722615376	30
1161	sxk9tr	4.349198086	37
1162	sxk9ts	6.227304928	28
1163	sxk9tw	5.455234767	32
1164	sxk9tx	5.135308269	21
1165	sxk9ty	6.238181008	56
1166	sxk9u0	2.116044145	43
1167	sxk9u1	1.608298471	57
1168	sxk9u2	1.854771606	60
1169	sxk9u3	1.244686949	86
1170	sxk9u5	1.023687573	46
1171	sxk9u8	2.025155404	64
1172	sxk9u9	1.486696684	34
1173	sxk9uc	2.137682912	42
1174	sxk9ue	0.819537834	36
1175	sxk9uf	1.851023189	49
1176	sxk9uq	1.819707447	58
1177	sxk9ur	2.430453278	52
1178	sxk9us	1.011931264	39
1179	sxk9ut	1.457446689	54
1180	sxk9uu	1.839248228	39
1181	sxk9uv	2.117258282	39
1182	sxk9uw	1.993007814	40
1183	sxk9uy	2.516051377	38
1184	sxk9v0	3.243305914	79
1185	sxk9v1	2.937262191	33
1186	sxk9v3	3.7925888	37
1187	sxk9v4	2.735647714	42
1188	sxk9v6	3.638613417	31
1189	sxk9v8	4.871445258	57
1190	sxk9vb	5.734523873	33
1191	sxk9vc	5.566989284	26
1192	sxk9vg	5.426594735	41
1193	sxk9vk	3.632411456	28
1194	sxk9vm	3.78067991	30
1195	sxk9vr	4.328411435	40
1196	sxk9vt	4.663224913	26
1197	sxk9vw	4.857154905	33
1198	sxk9w0	9.263460317	27
1199	sxk9w1	8.828087585	30
1200	sxk9w4	8.414650727	29
1201	sxk9w7	8.773907949	54
1202	sxk9w8	10.61272334	41
1203	sxk9w9	10.234798	41
1204	sxk9wb	11.33968745	99
1205	sxk9wd	9.880286768	40
1206	sxk9we	9.551797004	51
1207	sxk9wj	7.342117868	55
1208	sxk9wk	8.446726832	57
1209	sxk9x0	12.09325444	113
1210	sxk9x2	12.86875171	113
1211	sxk9xc	14.19622635	88
1212	sxk9y0	6.613402343	35
1213	sxk9y1	6.468600211	45
1214	sxk9y4	6.379362812	74
1215	sxk9y7	7.269474053	74
1216	sxk9ye	8.190914886	59
1217	sxk9ys	8.212057747	76
1218	sxk9yt	8.278434704	46
1219	sxk9yv	9.190960857	58
1220	sxk9yy	9.290575815	42
1221	sxk9yz	9.428871583	72
1222	sxk9zj	10.10509139	43
1223	sxk9zn	10.19570661	44
1224	sxkb3x	33.11577608	43
1225	sxkb5z	42.11805625	61
1226	sxkb6g	37.86607778	57
1227	sxkb6n	34.70739781	37
1228	sxkb6p	34.22380075	48
1229	sxkb6q	35.27704998	48
1230	sxkb6t	36.33360715	49
1231	sxkb6u	37.39319753	63
1232	sxkb73	39.98704184	34
1233	sxkb74	38.92520337	59
1234	sxkb79	40.58784113	26
1235	sxkb7b	41.65735385	62
1236	sxkb84	28.60530424	62
1237	sxkb85	28.07028735	33
1238	sxkb86	29.06003376	65
1239	sxkb87	28.53350633	34
1240	sxkb8c	30.54699255	58
1241	sxkb8f	30.03400755	69
1242	sxkb8h	27.5384534	22
1243	sxkb8j	27.0099904	24
1244	sxkb8m	27.49100168	23
1245	sxkb8n	26.48510014	22
1246	sxkb8r	26.463947	64
1247	sxkb8s	28.50448393	40
1248	sxkb8t	27.99418276	41
1249	sxkb8v	28.51836016	41
1250	sxkb8w	27.48801037	45
1251	sxkb8z	27.52948624	56
1252	sxkb90	31.56394785	64
1253	sxkb92	32.08311296	58
1254	sxkb96	31.08718974	34
1255	sxkb97	30.59540246	35
1256	sxkb98	32.62014225	53
1257	sxkb99	32.12850007	12
1258	sxkb9d	31.6410356	22
1259	sxkb9f	32.21181192	36
1260	sxkb9j	29.06239781	42
1261	sxkb9k	30.10800092	36
1262	sxkb9s	30.67943466	28
1263	sxkb9t	30.20572249	32
1264	sxkb9v	30.80295887	39
1265	sxkbb0	25.44692068	71
1266	sxkbb1	24.93411452	53
1267	sxkbb2	25.9567876	28
1268	sxkbb8	26.4889968	27
1269	sxkbbc	26.56011079	50
1270	sxkbbd	25.50949463	54
1271	sxkbbe	25.027778	68
1272	sxkbbf	26.08341608	27
1273	sxkbbp	21.96358942	33
1274	sxkbbs	24.55183921	72
1275	sxkbbt	24.08202083	75
1276	sxkbbv	24.68899778	63
1277	sxkbbx	23.16223026	30
1278	sxkbby	24.23722028	53
1279	sxkbbz	23.79258003	50
1280	sxkbd0	33.7443535	32
1281	sxkbd2	34.32989311	69
1282	sxkbd8	34.93001484	80
1283	sxkbd9	34.47114454	83
1284	sxkbdc	35.09308753	83
1285	sxkbdj	31.4159574	36
1286	sxkbdn	30.96549561	48
1287	sxkbdq	31.60225006	30
1288	sxkbdx	31.82587636	29
1289	sxkbe1	35.728054	79
1290	sxkbe4	35.29005751	86
1291	sxkbe7	35.52035487	62
1292	sxkbep	33.18247178	42
1293	sxkber	33.87810898	79
1294	sxkbf8	31.40501133	22
1295	sxkbfb	32.08604908	34
1296	sxkbff	31.28142182	37
1297	sxkbft	29.40124301	45
1298	sxkbfu	30.50461073	57
1299	sxkbfv	30.12731166	32
1300	sxkbfx	28.65189161	75
1301	sxkbfy	29.75779427	82
1302	sxkbfz	29.39635202	81
1303	sxkbg0	32.77891742	62
1304	sxkbg1	32.38188074	65
1305	sxkbg2	33.4828819	82
1306	sxkbg6	32.71239741	69
1307	sxkbg7	32.33761579	42
1308	sxkbg8	34.19725727	88
1309	sxkbg9	33.81676026	73
1310	sxkbgb	34.92140461	66
1311	sxkbgc	34.54882349	69
1312	sxkbgd	33.44311472	65
1313	sxkbge	33.07655287	69
1314	sxkbgg	33.82451699	83
1315	sxkbgh	31.23234218	59
1316	sxkbgj	30.86388001	83
1317	sxkbgk	31.97013645	72
1318	sxkbgm	31.61021408	87
1319	sxkbgp	30.15065855	36
1320	sxkbgr	30.91409048	64
1321	sxkbgs	32.71731278	88
1322	sxkbgt	32.36563827	86
1323	sxkbgv	33.12953078	80
1324	sxkbgw	32.02177861	93
1325	sxkbgx	31.6859882	93
1326	sxkbhf	46.85895219	82
1327	sxkbhj	43.64861956	76
1328	sxkbhk	44.71680091	85
1329	sxkbhm	44.2577075	75
1330	sxkbhp	42.72890106	75
1331	sxkbhs	45.33040159	82
1332	sxkbj1	47.93267224	76
1333	sxkbj4	47.48090093	74
1334	sxkbj8	49.63750509	55
1335	sxkbj9	49.19368726	74
1336	sxkbjd	48.7534983	77
1337	sxkbjf	49.40340764	65
1338	sxkbjz	47.28964506	100
1339	sxkbk0	42.27480516	87
1340	sxkbk2	42.9032459	92
1341	sxkbk3	42.45976931	93
1342	sxkbk6	42.02051034	97
1343	sxkbk7	41.58560264	98
1344	sxkbkk	41.15518415	89
1345	sxkbkm	40.7293972	75
1346	sxkbkt	41.40163719	63
1347	sxkbkw	40.98747818	50
1348	sxkbkx	40.57830641	63
1349	sxkbkz	41.27354947	69
1350	sxkbm6	44.68619105	95
1351	sxkbm7	44.27725758	91
1352	sxkbm8	46.19432088	93
1353	sxkbm9	45.78246876	98
1354	sxkbmb	46.87938381	100
1355	sxkbmk	43.87303481	95
1356	sxkbmp	41.97757928	86
1357	sxkbs6	38.67523154	83
1358	sxkbs7	38.28047566	84
1359	sxkbs9	39.77553834	81
1360	sxkbsb	40.87633201	80
1361	sxkbsc	40.48445293	85
1362	sxkbsd	39.38225955	82
1363	sxkbsj	36.78870941	79
1364	sxkbsk	37.89147499	89
1365	sxkbsm	37.50840859	85
1366	sxkbsn	36.40437066	81
1367	sxkbsp	36.02631045	78
1368	sxkbu0	35.6547285	78
1369	sxkbu5	34.5809224	66
1370	sxkbu7	35.34522715	99
1371	sxkbue	36.11692972	107
1372	sxkbug	36.89556593	105
1373	sxkbuk	35.00908977	91
1374	sxkbum	34.68047619	55
1375	sxkbv7	38.47195149	100
1376	sxkbvf	40.37494318	103
1377	sxkbvg	40.07130987	110
1378	sxkc01	21.02247803	47
1379	sxkc02	22.09048733	32
1380	sxkc03	21.63640452	36
1381	sxkc05	20.11171383	32
1382	sxkc06	21.19023721	33
1383	sxkc07	20.75249592	32
1384	sxkc08	22.71306177	37
1385	sxkc09	22.27162368	39
1386	sxkc0b	23.35548465	49
1387	sxkc0d	21.83838477	36
1388	sxkc0f	22.50567943	58
1389	sxkc0g	22.09390754	44
1390	sxkc0h	19.66903485	41
1391	sxkc0m	19.90450455	57
1392	sxkc0n	18.81207261	57
1393	sxkc0q	19.49545028	26
1394	sxkc0r	19.09721561	27
1395	sxkc0u	21.69155772	45
1396	sxkc0v	21.29916392	30
1397	sxkc0y	20.91728646	49
1398	sxkc0z	20.54651171	38
1399	sxkc15	22.79101488	65
1400	sxkc17	23.50364835	54
1401	sxkc1d	24.60665019	39
1402	sxkc1e	24.23043807	64
1403	sxkc1h	22.40113116	45
1404	sxkc1j	22.02132549	33
1405	sxkc1k	23.12572277	57
1406	sxkc20	17.99745395	27
1407	sxkc21	17.60787205	26
1408	sxkc23	18.33600596	29
1409	sxkc24	17.23118539	45
1410	sxkc25	16.86825788	60
1411	sxkc26	17.97452428	51
1412	sxkc27	17.62684638	82
1413	sxkc29	19.08092604	23
1414	sxkc2b	20.18745145	21
1415	sxkc2c	19.84074167	21
1416	sxkc2d	18.73376155	49
1417	sxkc2e	18.40037191	66
1418	sxkc2g	19.187028	60
1419	sxkc2k	17.29380484	90
1420	sxkc2m	16.97626108	87
1421	sxkc2q	16.6751005	93
1422	sxkc2u	18.88139885	66
1423	sxkc2x	17.22007447	113
1424	sxkc2z	18.05794701	112
1425	sxkc31	20.61380577	29
1426	sxkc38	22.50478442	33
1427	sxkc39	22.19411867	43
1428	sxkc3b	23.29901955	38
1429	sxkc3h	19.69196163	71
1430	sxkc3k	20.51194101	65
1431	sxkc3p	18.90364385	118
1432	sxkc3u	22.17595964	85
1433	sxkc40	26.8139002	63
1434	sxkc41	26.44069534	61
1435	sxkc42	27.54618638	79
1436	sxkc43	27.18297618	37
1437	sxkc44	26.07648896	59
1438	sxkc48	28.28959993	49
1439	sxkc4b	29.04328638	48
1440	sxkc4r	25.20611908	99
1441	sxkc4x	26.0160202	100
1442	sxkc50	29.80646644	72
1443	sxkc51	29.47094249	86
1444	sxkc52	30.57842928	67
1445	sxkc53	30.25140433	86
1446	sxkc57	29.62439965	104
1447	sxkc58	31.35852628	88
1448	sxkc5k	29.32499819	107
1449	sxkc5m	29.03538811	101
1450	sxkc5n	27.93399711	97
1451	sxkc5p	27.6569319	93
1452	sxkc5q	28.75586523	95
1453	sxkc5r	28.48672652	103
1454	sxkc5s	30.13729001	97
1455	sxkc5t	29.85549306	90
1456	sxkc60	24.10236728	64
1457	sxkc61	23.8124228	87
1458	sxkc64	23.53479618	95
1459	sxkc65	23.2699283	97
1460	sxkc69	25.46147506	92
1461	sxkc6h	23.01825962	88
1462	sxkc6j	22.78022759	68
1463	sxkc6n	22.55626394	61
1464	sxkc6p	22.34679166	71
1465	sxkc82	16.12555102	93
1466	sxkc83	15.87898858	107
1467	sxkc90	18.67354938	116
1468	sxkc92	19.53603875	115
1469	sxkc98	20.40372137	94
1470	sxkc9b	21.27596188	80
1471	sxkcd1	21.97295038	88
1472	sxkcd3	22.85959926	74
1473	sxkcd5	21.66178945	87
1474	sxkcd9	23.74892705	71
1475	sxkcdd	23.59750303	79
1476	sxkcdg	24.36315084	76
1477	sxkcdh	21.53058475	84
1478	sxkcdj	21.41604114	84
1479	sxkcdm	22.32452159	91
1480	sxkcdu	24.24635411	75
1481	sxkcdv	24.14448253	62
1482	sxkcej	25.05574508	76
1483	sxkcen	24.97207926	67
1484	sxkceq	25.88694914	68
1485	sxkcer	25.82038743	66
1486	sxkcex	26.73792408	63
1487	sxkcez	27.65573057	71
1488	sxkcf2	22.09305768	85
1489	sxkcf3	22.0493024	82
1490	sxkcf9	22.9694207	88
1491	sxkcfd	22.94356428	89
1492	sxkcfe	22.93398736	94
1493	sxkcfq	22.08463571	86
1494	sxkcfs	22.94071034	79
1495	sxkcu2	29.44605606	64
1496	sxkcu8	30.36584396	73
1497	sxkcu9	30.3334259	75
1498	sxkcub	31.28573588	80
1499	sxkcuc	31.2541961	77
1500	sxkcv1	32.17500902	80
1501	sxkcv4	32.1558953	76
1502	sxkcv6	33.07720348	72
1503	sxkcve	33.99128412	67
1504	sxkcvv	34.93060279	80
1505	sxkcvy	34.95558618	65
1506	sxkd00	16.05374644	25
1507	sxkd1c	10.00428199	73
1508	sxkd1d	11.08716888	72
1509	sxkd1e	11.33593587	72
1510	sxkd1f	10.24292497	70
1511	sxkd1k	12.43104876	75
1512	sxkd1m	12.71231751	81
1513	sxkd1p	14.12032318	81
1514	sxkd1q	13.01625301	81
1515	sxkd1u	10.80854145	26
1516	sxkd1v	11.13102738	47
1517	sxkd1w	12.23619727	50
1518	sxkd2c	15.55133813	85
1519	sxkd2g	16.25442568	89
1520	sxkd2m	18.46082665	80
1521	sxkd2n	19.56421083	61
1522	sxkd2q	18.8307243	79
1523	sxkd2s	17.35755304	84
1524	sxkd2t	17.72944284	81
1525	sxkd2u	16.62856415	89
1526	sxkd31	14.79048697	70
1527	sxkd32	13.68597244	28
1528	sxkd40	8.926823234	70
1529	sxkd41	9.152792472	68
1530	sxkd42	8.066731877	69
1531	sxkd44	9.413120095	32
1532	sxkd45	9.705041614	38
1533	sxkd46	8.601933952	34
1534	sxkd48	7.22174201	68
1535	sxkd49	7.499419983	48
1536	sxkd4b	6.39784	54
1537	sxkd4c	6.709771877	56
1538	sxkd50	5.604334075	34
1539	sxkd5u	5.819998013	56
1540	sxkd5v	6.399572567	61
1541	sxkd5w	7.294780263	27
1542	sxkd5x	7.860735759	34
1543	sxkd5y	6.984587642	40
1544	sxkd7b	8.16625284	27
1545	sxkd7c	8.761333853	34
1546	sxkd80	20.3121904	83
1547	sxkd81	20.70314271	83
1548	sxkd82	19.6068263	90
1549	sxkd83	20.01162264	86
1550	sxkd84	21.10457153	92
1551	sxkd85	21.51589047	95
1552	sxkd86	20.42670374	85
1553	sxkd8c	18.68795972	89
1554	sxkd94	18.51920994	90
1555	sxkd96	17.93286907	92
1556	sxkd9d	17.3755372	87
1557	sxkdd3	15.3702272	85
1558	sxkdd4	16.35960953	88
1559	sxkde1	14.23475415	88
1560	sxkde3	13.95754208	87
1561	sxkde4	14.81317048	84
1562	sxkde8	13.13916067	82
1563	sxkdeb	12.96965311	85
1564	sxkdh2	3.041488849	50
1565	sxkdh3	3.652668757	51
1566	sxkdh4	4.38380021	53
1567	sxkdh5	4.980413515	61
1568	sxkdh6	4.263930935	58
1569	sxkdh7	4.875244438	49
1570	sxkdh8	3.148219935	40
1571	sxkdhd	4.340694728	53
1572	sxkdhe	4.942517245	53
1573	sxkdhf	4.604267086	41
1574	sxkdhj	6.182353739	51
1575	sxkdhk	5.486592109	34
1576	sxkdhm	6.097963674	57
1577	sxkdhn	6.786137506	49
1578	sxkdhs	5.546449859	29
1579	sxkdhu	5.755028737	43
1580	sxkdhv	6.340549734	27
1581	sxkdhx	7.365710694	33
1582	sxkdj0	4.040392685	33
1583	sxkdj2	4.698683104	37
1584	sxkdj4	5.025339888	43
1585	sxkdjj	6.652542194	36
1586	sxkdjn	7.217061484	21
1587	sxkdjp	7.788672452	24
1588	sxkdk4	9.21141431	41
1589	sxkdk5	9.81932965	41
1590	sxkdkb	8.120093373	36
1591	sxkdkc	8.718329247	27
1592	sxkdke	9.800175752	42
1593	sxkdkf	9.318282923	36
1594	sxkdkk	10.3778789	42
1595	sxkdku	10.52216756	49
1596	sxkdkv	11.12566816	49
1597	sxkdkx	12.23918825	34
1598	sxkdm0	8.365921585	19
1599	sxkdmy	12.80499895	117
1600	sxkdn8	8.735155684	63
1601	sxkdnb	9.604177347	69
1602	sxkdqe	12.74260298	92
1603	sxkdqg	13.35277217	100
1604	sxkdqj	12.6882308	95
1605	sxkdqk	12.66726896	93
1606	sxkdqn	13.22120812	94
1607	sxkdqs	13.21685527	89
1608	sxkdr5	13.99696247	93
1609	sxkdr7	14.67069296	90
1610	sxkdre	15.37007953	88
1611	sxkdrg	16.09177731	90
1612	sxkdrk	15.08430083	75
1613	sxkds0	12.86395704	89
1614	sxkds2	12.82365039	89
1615	sxkds3	13.43509872	81
1616	sxkdsb	12.9406583	86
1617	sxkdsf	14.15343247	61
1618	sxkdt0	13.09620731	81
1619	sxkdt1	13.69547082	86
1620	sxkdt3	13.90361743	88
1621	sxkdt8	13.59029261	91
1622	sxkf1g	20.74367773	88
1623	sxkf1r	19.72602705	88
1624	sxkf1t	20.18311939	78
1625	sxkf1u	20.89499452	84
1626	sxkf1v	21.06298191	78
1627	sxkf1w	20.37541512	86
1628	sxkf1x	20.584085	89
1629	sxkf24	16.48616643	87
1630	sxkf25	16.83291679	88
1631	sxkf2c	18.55754422	87
1632	sxkf2d	18.04686398	85
1633	sxkf31	19.37970123	91
1634	sxkf32	19.96030654	88
1635	sxkf42	22.21687099	88
1636	sxkf43	22.30784924	88
1637	sxkfn0	35.95539039	73
1638	sxkfn3	36.92732767	76
1639	sxkfnc	38.76114528	74
1640	sxkfnd	37.90644586	70
1641	sxkfpq	40.97563988	78
1642	sxm40n	43.7037444	69
